% # columns="iteration, evaluation, sigma, void, void,  stds==sigma*sigma_vec.scaling*sqrt(diag(C))", seed=844030, Tue Jun 24 17:14:03 2025, <python>{}</python>
1 8 0.36245276655551584 0 0 2.3326494836841634e-08 2.20940869681508e-08 0.9997596268910781 1.12234567730682
2 16 0.3710950165356355 0 0 2.23077583734552e-08 2.0791255724473523e-08 1.074616075330613 1.0998267009059624
3 24 0.39861327506030886 0 0 2.092446329509357e-08 2.4263431116799857e-08 1.196001529984208 1.2010875004929418
4 32 0.49741686170085414 0 0 2.5155416162842874e-08 3.6727649878192405e-08 1.5018979482854329 1.4360886947603155
5 40 0.5690393746566557 0 0 2.5101663341710535e-08 4.342719690858985e-08 1.9562298250851196 1.620954635696715
6 48 0.7020724201831106 0 0 3.0668626662928955e-08 6.413170648996688e-08 2.4529271463738755 2.032340299551767
7 56 0.8278412736484199 0 0 3.7959060711957346e-08 6.633333333333332e-08 2.780973277381571 2.402003071513404
8 64 0.7825346397962133 0 0 3.480176439040206e-08 5.668650144417364e-08 2.559829033662844 2.3061391904484783
9 72 0.7176727402073935 0 0 2.9339204367126057e-08 5.1583799292337314e-08 2.3427760712504804 2.0484317664983966
10 80 0.8050499009642642 0 0 3.252152868916607e-08 4.9888156929462964e-08 3.094951440808978 2.38851228112608
11 88 1.0773156973919025 0 0 4.698553457953528e-08 5.910945807004859e-08 3.3000000000000003 3.0813979262302715
12 96 1.1104065771988125 0 0 4.406122461116851e-08 5.708238900466105e-08 3.299999999999999 3.1489638606398507
13 104 0.854963771095088 0 0 3.040429613753567e-08 4.308499629917718e-08 2.4570653053311333 2.2483548430916405
14 112 0.8380935961010324 0 0 2.8499161346148482e-08 4.068042111658759e-08 2.4820659112862082 2.203844845142633
15 120 0.6947432397004666 0 0 2.2157024181037638e-08 3.077843290003466e-08 2.011742039350815 1.7601452243071283
16 128 0.7944930469496349 0 0 2.6607637509470018e-08 3.247260741657188e-08 2.2602859773242523 2.285467906476313
17 136 0.901874791882814 0 0 2.8004039342749913e-08 3.301287553075935e-08 2.589026404743065 2.8194833843140454
18 144 0.806600453553618 0 0 2.3935134787873822e-08 2.7093035235614656e-08 2.269375924494532 2.4434903798314727
19 152 0.6905623463220972 0 0 2.0492025331527723e-08 2.0545186132613622e-08 1.8698719521847926 1.9795670042418623
20 160 0.7115238756964234 0 0 1.961033000189037e-08 1.9513190213685536e-08 2.0723636503638447 2.145223537934658
21 168 0.7271444058259332 0 0 1.8514344181931212e-08 1.9516871680838546e-08 1.993920622391223 2.4577426582490305
22 176 0.7456526483001142 0 0 1.936492788636119e-08 1.9491061679638996e-08 2.04834772979181 2.54390354709778
23 184 0.822280411446072 0 0 2.1911820067387814e-08 2.0472900102287254e-08 2.4823265031058117 2.719113926440611
24 192 0.6443933519417862 0 0 1.7179705778750092e-08 1.4745053783154175e-08 1.8734084599805971 1.9190491437949326
25 200 0.5888476742131694 0 0 1.4672972200953322e-08 1.3804642882991076e-08 1.5221245196758697 1.7255925256943325
26 208 0.6691504817060678 0 0 1.677884159458932e-08 1.70735228606049e-08 1.7208315237971845 1.8575511869974688
27 216 0.6379571385871875 0 0 1.5716404251657905e-08 1.6149167205197564e-08 1.5499955687047886 1.8088637419938862
28 224 0.5523651547210646 0 0 1.214596444825139e-08 1.440195642594579e-08 1.2721647759492338 1.4632296519882164
29 232 0.617059476197666 0 0 1.3449155119441386e-08 1.579360386660539e-08 1.3775679172078046 1.9815535203880659
30 240 0.5176790753142548 0 0 1.0827016825375738e-08 1.165565523909571e-08 1.0919128542644874 1.625211175891973
31 248 0.43042670652937554 0 0 8.418348061795151e-09 8.506830005095034e-09 0.8759334166016425 1.3643316364479414
32 256 0.3998701157274327 0 0 7.991332786864053e-09 7.60197212523262e-09 0.7488979297553758 1.214420776423853
33 264 0.3848451654388951 0 0 7.421828291420552e-09 7.319646790425401e-09 0.5997370861318008 1.2672170351015473
34 272 0.39443400114642574 0 0 7.277288941638062e-09 6.791703676848808e-09 0.6687221654521817 1.1371754216115495
35 280 0.33755864775783123 0 0 6.411244329064234e-09 5.830033034992041e-09 0.5398528828829903 0.901034236639174
36 288 0.3002593422015513 0 0 5.451676346581799e-09 4.987877122475473e-09 0.4646727735009454 0.7539608883570614
37 296 0.2898590781321353 0 0 5.575522787298274e-09 4.788566004789626e-09 0.4372177335244755 0.630680732437067
38 304 0.25109987998194233 0 0 4.704650880235834e-09 4.020485835573619e-09 0.3426634833724776 0.5358089812922179
39 312 0.2014625408585281 0 0 3.795188184419878e-09 3.0947370354921627e-09 0.2714164874416161 0.3757141159490561
40 320 0.15276219406840658 0 0 2.6524255938945906e-09 2.246389549769689e-09 0.2037337028155161 0.25054426001951635
41 328 0.13823481327010181 0 0 2.447674607910441e-09 1.937771668225657e-09 0.17567183005005635 0.21925938283431134
42 336 0.13959147534178112 0 0 2.7906694170592693e-09 2.095485409290406e-09 0.15293607423861902 0.1996356840145488
43 344 0.14421632088123285 0 0 3.121532133763372e-09 2.499151344828079e-09 0.14702174468464058 0.1788820057098742
44 352 0.13678566651381768 0 0 2.8045079728753697e-09 2.4049673553303016e-09 0.13190559556664505 0.16075834933082916
45 360 0.12849088936304137 0 0 2.6570614675490436e-09 2.2448077340048105e-09 0.1277202409106142 0.14593334830377755
46 368 0.12947500399095999 0 0 2.581895213748989e-09 2.1329642732212082e-09 0.13384283086024445 0.14063844654005334
47 376 0.12433206527109847 0 0 2.341740937192633e-09 1.98441212541009e-09 0.13462209806298722 0.13073243766602174
48 384 0.12790307862368028 0 0 2.533530980093229e-09 2.1647594745784552e-09 0.1444031874448441 0.1256975429486713
49 392 0.13571900144949417 0 0 3.0472941198588163e-09 2.7937585903993874e-09 0.1460560440511392 0.13572501899840017
50 400 0.12595848059313 0 0 2.67822396533079e-09 2.4940329234256363e-09 0.12765203722085117 0.1262406701385091
50 400 0.12595848059313 0 0 2.67822396533079e-09 2.4940329234256363e-09 0.12765203722085117 0.1262406701385091
