% # columns="iter, evals, sigma, 0, fitness, xbest" seed=844030, Tue Jun 24 17:14:03 2025, <python>{}</python>
1 8 0.36245276655551584 0 153.00000000000006 2.3731218117551374e-08 4.0941012045995854e-08 2.2063169552608253 -6.353649594854936
2 16 0.3710950165356355 0 162.99999999999994 1.3721479829659305e-08 5.461994596235396e-08 3.6932736932052803 -5.602282770300375
3 24 0.39861327506030886 0 143.00000000000003 2.2079983026262105e-08 2.8627353096282598e-08 1.4741199017942404 -7.279529041248866
4 32 0.49741686170085414 0 126.00000000000003 2.0163536859787598e-08 1.1134155082965837e-08 0.10484659912568789 -6.985502078855247
5 40 0.5690393746566557 0 110.0 1.3762440267124257e-08 1.1612239536901833e-08 1.6116201515502697 -6.231081483711442
6 48 0.7020724201831106 0 68.99999999999999 8.091757305716868e-09 1.052143844745561e-09 0.20571319209402883 -7.462909849613355
7 56 0.8278412736484199 0 69.99999999999996 4.598825850623853e-09 1.6215584076545952e-09 1.5423209621665774 -8.783776665988128
8 64 0.7825346397962133 0 89.00000000000001 9.615889604529609e-09 2.903360379390118e-09 2.1883710225363178 -6.887801950810607
9 72 0.7176727402073935 0 78.00000000000003 3.0051733895451353e-09 1.0505841657044747e-09 3.684645735677501 -6.872500763396119
10 80 0.8050499009642642 0 91.00000000000006 4.07175243470358e-09 1.1238918800425605e-09 4.914127493645788 -9.965833961464291
11 88 1.0773156973919025 0 85.00000000000003 3.2429202858277416e-09 1.1891281402483852e-09 5.316273162366271 -9.625208566124575
12 96 1.1104065771988125 0 72.0 1.1394878414990176e-09 1.692497463454171e-09 8.013234975206665 -9.55510217271021
13 104 0.854963771095088 0 67.00000000000006 2.5297261778748684e-09 1.708174008632123e-09 6.536035592736171 -9.669877447764575
14 112 0.8380935961010324 0 50.00000000000005 4.32773206471502e-09 2.9263013077005553e-09 4.930326824459147 -9.72277561109154
15 120 0.6947432397004666 0 52.99999999999996 2.4448979199361437e-09 1.0225739239416618e-09 3.46157559755704 -9.054439106709987
16 128 0.7944930469496349 0 31.999999999999968 1.065846590587942e-09 1.402407256915256e-09 7.2711216672378685 -7.385783275693093
17 136 0.901874791882814 0 26.000000000000046 2.293339633755431e-09 1.163666175167342e-09 3.602239327137246 -8.945542868319716
18 144 0.806600453553618 0 33.00000000000004 1.0004598795526152e-09 1.0155137478541217e-09 3.237193102723979 -5.351106831083062
19 152 0.6905623463220972 0 31.999999999999968 1.2268778778279861e-09 1.0995506540500225e-09 3.7893640780732207 -5.645514681872809
20 160 0.7115238756964234 0 60.00000000000006 1.1969226994590585e-09 1.0089310042643992e-09 1.1743196636477888 -5.550757877849774
21 168 0.7271444058259332 0 28.999999999999954 1.0031449616444318e-09 1.026415815261212e-09 2.715148192549268 -4.556547143306139
22 176 0.7456526483001142 0 36.00000000000006 1.2192283377390151e-09 1.4720346161984957e-09 2.2557187522317164 -3.460635906172331
23 184 0.822280411446072 0 27.000000000000014 1.5982044590502318e-09 1.635934375941752e-09 1.7392898098371514 -2.8707211273814144
24 192 0.6443933519417862 0 38.999999999999964 1.0198041362038086e-09 1.0038314302728037e-09 2.184219871863008 -4.640066146199368
25 200 0.5888476742131694 0 30.00000000000003 1.000170487846287e-09 1.0871726017853214e-09 0.5824428440644975 -2.162714787658259
26 208 0.6691504817060678 0 33.00000000000004 1.14982823723982e-09 1.4499646021579426e-09 0.10015094858687398 -1.42284336285721
27 216 0.6379571385871875 0 30.00000000000003 2.5661182697338283e-09 2.1721906433904893e-09 0.5107752926668936 -1.4950931876961335
28 224 0.5523651547210646 0 27.999999999999986 1.1568474811505755e-09 2.586378065643516e-09 1.8951424217389954 -1.5538450106889479
29 232 0.617059476197666 0 37.99999999999999 1.2564162373187667e-09 1.3367518278515829e-09 0.1372979699552092 -1.7834665615559864
30 240 0.5176790753142548 0 30.00000000000003 1.602790374596733e-09 1.2604494057166472e-09 0.2734744684856161 -1.6865975228733987
31 248 0.43042670652937554 0 36.00000000000006 1.011274341929286e-09 1.0583173505173292e-09 0.6440869586809783 -1.728490949883863
32 256 0.3998701157274327 0 41.99999999999998 1.2347734873940666e-09 1.1000009499396338e-09 0.5938100912335893 -1.4731271817444913
33 264 0.3848451654388951 0 30.00000000000003 1.147732760976704e-09 1.0158289296308295e-09 0.436644771038496 -2.0058537916429344
34 272 0.39443400114642574 0 30.00000000000003 1.5930466046510457e-09 1.225456441880842e-09 0.6211703294473838 -2.322519812382051
35 280 0.33755864775783123 0 30.00000000000003 1.016526558916265e-09 1.0105618623027278e-09 0.1126257484538899 -1.7154300678575574
36 288 0.3002593422015513 0 30.00000000000003 1.0004816408756694e-09 1.0041491116163426e-09 0.1738533228150858 -1.7359383398080084
37 296 0.2898590781321353 0 30.00000000000003 1.1824749976446167e-09 1.0050679581235355e-09 0.10034374948072997 -1.843314879269311
38 304 0.25109987998194233 0 30.00000000000003 1.0967011783482386e-09 1.0210039732499231e-09 0.1062756463390641 -1.6869856456468852
39 312 0.2014625408585281 0 30.00000000000003 1.1786584328816168e-09 1.0775916800664003e-09 0.10627850911393202 -1.608000708058178
40 320 0.15276219406840658 0 30.00000000000003 1.085848025931621e-09 1.0052391341079423e-09 0.11395484646508064 -1.7958060839224714
41 328 0.13823481327010181 0 30.00000000000003 1.0809763778867398e-09 1.0042547837734544e-09 0.22817358059823462 -1.8998896331059285
42 336 0.13959147534178112 0 30.00000000000003 1.0159728550785672e-09 1.0006658355966203e-09 0.22488308611665475 -1.7421743896752062
43 344 0.14421632088123285 0 30.00000000000003 1.1801453480725472e-09 1.1065772175804625e-09 0.10126507575121621 -1.5216936525086524
44 352 0.13678566651381768 0 30.00000000000003 1.1455957845298525e-09 1.0735562223320811e-09 0.14053228244396332 -1.7485188402006742
45 360 0.12849088936304137 0 30.00000000000003 1.0333785054435655e-09 1.0105816518126066e-09 0.11282553754754045 -1.852370492105475
46 368 0.12947500399095999 0 30.00000000000003 1.0937797698415407e-09 1.0361985999074186e-09 0.29693728537040626 -1.9273814449684892
47 376 0.12433206527109847 0 30.00000000000003 1.099270843568243e-09 1.016438394539986e-09 0.38708439559001767 -1.9615922380765909
48 384 0.12790307862368028 0 30.00000000000003 1.2466948305203274e-09 1.0994625920250006e-09 0.3655018997889676 -1.9166095729674666
49 392 0.13571900144949417 0 30.00000000000003 1.0302120890003083e-09 1.000900044689428e-09 0.3936980712861208 -2.02250367798926
50 400 0.12595848059313 0 30.00000000000003 1.023584423711077e-09 1.0008052287543705e-09 0.20863010167186952 -1.9608547841009205
50 400 0.12595848059313 0 30.00000000000003 1.023584423711077e-09 1.0008052287543705e-09 0.20863010167186952 -1.9608547841009205
